NAME = push_swap
FLAG2 = -Wall -Wextra -Werror -g -fsanitize=address
FLAG = -Wall -Wextra -Werror
LIBFT = libft
# set this to checker_mac or checker_linux depending on OS
CHECKER = checker_Mac
# go to random.org/integer-sets/
# 500 random unique integers
VLARGE = 90 1605 1884 660 21 1551 977 562 1457 95 28 671 1262 994 1446 345 664 551 1054 1158 721 199 309 815 206 308 944 1557 759 753 361 1467 168 1857 1432 675 1649 1715 1112 1997 107 795 1297 1406 336 194 502 921 1722 565 176 1169 1527 857 1028 1154 273 233 214 216 516 1473 1374 730 1507 1389 311 903 296 218 1846 359 1117 953 1278 98 1006 1271 1302 1242 1090 1674 1472 1535 536 834 766 780 18 1914 1069 648 1161 181 329 1292 775 947 1101 1177 1705 1052 1092 890 1020 366 1317 222 1920 42 1959 30 796 277 396 1335 141 262 897 1711 1118 1698 1517 1678 1878 863 1180 22 250 1967 524 252 985 855 370 1283 51 1393 1519 911 1523 1381 1752 1780 1151 613 620 1632 1680 1399 1388 1650 1899 1463 1265 1603 546 1912 1429 1759 375 1255 1315 1459 792 1582 38 625 1123 169 380 1355 1220 1181 450 1598 1227 1019 734 11 542 645 192 885 174 588 1183 1390 1088 1191 1295 1499 1623 400 1465 1613 1464 1046 592 180 363 847 1263 786 1530 408 1449 1634 1736 1078 1214 1964 1512 442 585 1996 651 1995 256 1675 1740 1758 1079 1815 1103 670 1723 982 997 548 269 956 1485 1376 1301 1024 1342 1916 1984 1211 1045 91 1100 713 1677 1873 882 594 819 872 1150 805 1428 928 846 358 1608 1254 1435 1888 557 929 1993 1665 745 1731 100 883 27 832 383 1518 835 140 851 880 1394 1837 749 1626 718 810 172 1706 1369 662 532 1747 468 1672 1066 1294 1452 1143 247 1380 1742 1124 1382 1466 1387 272 1174 701 451 46 561 1383 1128 470 292 119 689 915 1115 647 1401 1834 49 1784 865 1867 1547 1493 212 12 390 764 668 1925 1522 1558 1814 1037 1433 307 260 1403 509 473 440 545 1182 1482 575 879 1034 1774 1434 1534 1947 1334 131 970 1206 774 826 1686 1763 762 996 9 187 1023 1978 889 78 1770 1869 1416 1856 355 8 1165 1584 75 279 393 1748 1611 420 1949 39 1792 1612 1199 1240 259 422 1890 328 986 1702 325 703 1323 36 1621 225 657 495 1635 1566 1643 765 1140 841 1042 221 712 607 708 1012 170 213 398 388 732 58 1086 1761 92 136 1506 704 352 807 973 1716 1040 412 220 1990 1198 1291 1039 492 530 1690 1564 1508 1520 80 1476 294 683 757 317 507 553 1645 1184 1965 1221 767 1782 971 1533 1418 1312 924 319 823 1081 431 1666 120 374 1939 198 1269 1977 61 1210 1162 1504 1811 152 957 768 1844 1516 1929 306 423 1528 6 576 1743 1305 13 1451 1854 1017 1587 116 377 108 688 490
# 100 random unique integers
LARGE = 392 2 30 138 1750 902 1049 601 1389 1119 1406 1269 1716 499 160 1493 203 1227 772 1573 1424 1795 729 1725 1454 125 1512 509 1449 654 1215 116 259 782 423 406 811 1627 1945 279 98 852 1104 759 291 1649 523 514 1633 485 703 750 761 1153 1011 726 913 796 1956 445 1380 458 577 828 1891 1158 1848 1330 1657 221 581 720 1812 525 789 317 622 471 620 433 1753 395 1329 1620 961 664 484 583 1715 287 1256 1352 914 1539 724 1105 1107 1939 356 1575
#number of moves when arg < 5 < 
#ERROR if repeated integers
#ERROR if beyond limits
#RROR if float/double
all:
	make -C $(LIBFT)/
	gcc $(FLAG2) *.c algos/*.c cmds/*c $(LIBFT)/$(LIBFT).a -o $(NAME)
clean:
	make clean -C $(LIBFT)/
fclean: clean
	rm -f $(NAME)
	make fclean -C $(LIBFT)/
re: fclean all
t1: all
	./$(NAME) 12114 -32312 1000
t2: all
	./$(NAME) 4 3 2 1 0
t3: all
	./$(NAME) 2 1 3 6 5 -8 123 441 -564 13
t4: all
	./$(NAME) 1 2 3 4 5
c1: all
	./$(NAME) $(LARGE) | ./$(CHECKER) $(LARGE)
c2: all
	./$(NAME) $(VLARGE) | ./$(CHECKER) $(VLARGE)
.PHONY: $(NAME) all clean fclean re t1 t2 t3 t4 c1 c2
